21
244
42
5000
88
16     133
45     132
66     140
107    116
136    139
194    131
262    120
285    120
337    141
446    127
463    128
492    132
587    143
627    126
728    116
787    137
807    125
822    136
853    142
891    132
960    124
985    143
1090   120
1198   115
1220   144
1305   141
1377   139
1427   136
1505   132
1523   139
1566   125
1586   142
1646   131
1742   135
1845   123
1890   142
1911   126
1926   126
1987   124
2078   135
2104   118
2168   118
2264   120
2301   122
2344   117
2433   136
2477   145
2565   125
2669   139
2707   129
2744   119
2837   121
2893   132
2984   121
3045   135
3081   118
3127   129
3143   137
3247   116
3281   144
3316   122
3419   130
3454   116
3542   131
3600   122
3633   124
3690   115
3751   136
3780   123
3852   116
3924   125
3975   127
4033   139
4119   133
4189   121
4209   138
4299   116
4314   118
4343   141
4370   139
4459   118
4509   138
4569   117
4642   122
4714   117
4746   131
4806   129
4899   117

